time: 504227190 ns
h: 0.000000100  n: 1000
integral: 3.141728
time: 2,702532058 s
h: 0.000001000  n: 1000
integral: 3.142504
time: 225292674 ns
h: 0.000010000  n: 1000
integral: 3.158079
time: 45690125 ns
h: 0.100000000  n: 10
integral: 3.534043
