time: 2,811610889 s
h: 0.000100000  n: 1000
integral: 4255.401536
time: 1,494189884 s
h: 0.001000000  n: 100
integral: 3.147182
time: 145545471 ns
h: 0.010000000  n: 100
integral: 3.230982
time: 38391448 ns
h: 0.100000000  n: 10
integral: 3.483828
